B cells	Liver bud hepatic cells	Myofibroblast	T cells	TAC	TECs
TCGA.DD.A4NG.01A	1.49059653639616	2.16108207151647	1.92371853659509	1.97052617452155	1.94303405584735	1.93125332134736
TCGA.G3.AAV4.01A	1.37639940196655	2.12685374516087	1.8909561840401	1.90618529630299	1.90677092030314	1.91652028336625
TCGA.2Y.A9H1.01A	1.62746084260417	2.20095870059657	1.87516857066349	1.96840476595205	1.95924308825612	1.88558415282839
TCGA.BC.A10Y.01A	1.55034257005211	2.17267271632747	1.88400832312976	1.9285552309169	1.9126558287773	1.89672193293336
TCGA.K7.AAU7.01A	1.64074609326235	2.15846988231363	1.97888776386567	1.98861393037072	2.02089278830654	1.95551836859228
TCGA.BC.A10W.01A	1.50452541989795	2.14235128522996	1.94944495695386	1.97566411593286	1.99601008442346	1.94865370534858
TCGA.DD.AACV.01A	1.30126281196774	2.17194178853384	1.83153250582888	1.84648763545816	1.82151903525227	1.85815904965928
TCGA.DD.AAD3.01A	1.62366351918363	2.17893942641177	1.99441009369632	1.98143994489901	1.98771610292892	1.98308000557028
TCGA.DD.A1EI.01A	1.59338145672114	2.17327470317364	2.00278672510935	1.96896640252785	1.97507149580454	1.97561125051016
TCGA.DD.AAC9.01A	1.75069117683219	2.19119658503226	1.98661561226682	1.99054950431332	2.00978518709715	1.95007210798116
TCGA.DD.AACT.01A	1.67198134000433	2.18333575412755	1.93555514521268	1.9754438593049	1.9726288812177	1.9266313709122
TCGA.GJ.A6C0.01A	1.51539350070712	2.18773536675145	1.90906619995432	1.97031461202199	2.01824825013097	1.89387566781341
TCGA.CC.5258.01A	1.54745727089792	2.14659476176814	1.93433507272017	1.98002279491316	1.9838899582297	1.92842829418401
TCGA.DD.AADP.01A	1.6260341360065	2.18051140319147	1.94385318927169	1.96035564500133	1.94971393022738	1.9406844623995
TCGA.DD.AACW.01A	1.39960512045131	2.16797517725296	1.85261078423932	1.93227466110403	1.90872200584573	1.88212791538889
TCGA.ZS.A9CD.01A	1.56845170265717	2.1893256275429	1.98656626612025	1.96732279831686	1.98079550076036	1.96829922181211
TCGA.UB.A7MF.01A	1.76150375728279	2.1705098132283	1.86794488757728	2.01947482209802	2.02586224329258	1.88589162010762
TCGA.WX.AA46.01A	1.48352013072031	2.1726191942011	1.94750101979062	1.92891882726169	1.96248567232472	1.95381626814488
TCGA.CC.A8HV.01A	1.44103646081963	2.1567390285841	1.90818725816208	1.88967392027712	1.84343314203979	1.87437316757257
TCGA.DD.AADQ.01A	1.45582795875347	2.19115424355766	1.84583280812299	1.95985836511132	1.93802001156804	1.88912908672286
TCGA.DD.AADB.01A	1.76204878586262	2.15790217758885	1.91278459725137	2.01628460334161	1.99563769060955	1.9084098165451
TCGA.DD.A1EA.01A	1.74391211637981	2.13170988332104	1.84710278017126	1.9595859621572	1.95471331351531	1.91440739517804
TCGA.5R.AA1C.01A	1.47686081102283	2.15519172585412	1.8721772780621	1.91549911434294	1.92458990610582	1.87259403088385
TCGA.DD.A113.01A	1.64735117392337	2.17383960035592	1.92503278390304	1.95450743500389	1.95305046456768	1.92070917129468
TCGA.2Y.A9H9.01A	1.58701561305618	2.18198458600972	1.908375040658	1.9297600580502	1.92952516181726	1.92944717529293
TCGA.CC.A7IE.01A	1.71842462164294	2.16447352742103	1.94191261040981	2.02215345672008	2.02292796015466	1.93556490356609
TCGA.XR.A8TD.01A	1.809393096378	2.18280010325315	2.00245236892798	2.03330419150051	2.06378056946571	1.96630161149109
TCGA.DD.AAD2.01A	1.62105668284562	2.17991318941362	2.0018053314176	1.99781494059003	2.02201580546871	1.97239157221521
TCGA.DD.AACY.01A	1.47939136067663	2.18579411002539	1.93602230038674	1.95339312381674	1.94350749664938	1.93651876633669
TCGA.CC.A7IF.01A	1.43877392934877	2.18857091749245	1.89853771993232	1.88603975330745	1.84687796580635	1.89351186013718
TCGA.DD.AACD.01A	1.53678893163575	2.18906325564645	1.92850037429505	1.97240264716101	1.99208485485191	1.90893350885222
TCGA.ED.A4XI.01A	1.64292459128126	2.16774922249173	1.98168611554614	1.97485612623355	2.00470027237292	1.96777256525329
TCGA.CC.A9FW.01A	1.683892486944	2.17334535366575	1.86556597260846	1.93837308189652	1.92111330613466	1.83832123830915
TCGA.G3.A5SJ.01A	1.79215344027217	2.17182598280123	1.93115128081228	2.03604459848983	2.03145179810454	1.93138637078707
TCGA.DD.AAE2.01A	1.65618767565806	2.16887100253561	1.92390707262818	1.95762959292546	1.95669274587583	1.9450619280369
TCGA.G3.A7M9.01A	1.49836234118604	2.15051998528951	1.89871395590122	1.918079598655	1.8997389421018	1.86310639231163
TCGA.EP.A2KC.01A	1.57699181281942	2.17465462269502	1.92036800517752	1.91629812966681	1.92733230049544	1.91517660363903
TCGA.2Y.A9GS.01A	1.48551991850994	2.17151123712878	1.92175773434009	1.95189733935582	1.97704328992003	1.90942889131596
TCGA.ED.A7PX.01A	1.63355040777403	2.12389493023951	1.99710040876382	1.97627677616781	1.98547447290745	1.97414309683167
TCGA.DD.AADC.01A	1.57111884800074	2.17161139409233	1.92731499412215	1.93376644183968	1.91910685545102	1.9043870884192
TCGA.DD.AAVZ.01A	1.48637825503761	2.17345256953501	1.93035937576292	1.94196909965747	1.92866309217828	1.9345232918346
TCGA.CC.A3MA.01A	1.42566349147677	2.0954856136839	2.01137419216053	1.94629784856812	1.9565040081923	1.983814356389
TCGA.2Y.A9GY.01A	1.85104542833725	2.16618407524958	1.86832799368704	2.02840290663859	2.04744536464465	1.85572641699281
TCGA.ED.A627.01A	1.82106647507014	2.15703814617678	2.03714641378226	2.04775126773998	2.07799885106575	2.00359077236644
TCGA.2Y.A9GW.01A	1.62439113950929	2.18152675273232	1.97709354507613	2.00856389909844	2.05322677755631	1.95129333718086
TCGA.DD.AADO.01A	1.67169906244254	2.19071092642073	1.87120421574842	2.00859892772888	1.99791829789227	1.84907181853166
TCGA.DD.AADK.01A	1.73294327799401	2.18492803249387	1.96391849957181	1.9754237978615	1.96953511019186	1.92226313377289
TCGA.DD.A1EH.01A	1.60972552449047	2.14264247472686	1.96077753118075	1.941786830576	1.92849903511918	1.9539772728369
TCGA.G3.AAV7.01A	1.48190852785447	2.14574636370061	1.93252861907003	1.98331972978599	2.019670903251	1.91308994961228
TCGA.DD.AACA.01A	1.58168172065856	2.14368745863657	1.92283741460829	1.9108016286935	1.87690548081629	1.92596063851978
TCGA.FV.A3R3.01A	1.62605864739847	2.15608831184989	2.02154624781333	1.9785531281672	2.00167957370084	2.01728249339587
TCGA.KR.A7K0.01A	1.55583477079516	2.18125790867677	1.97216828682677	1.94561697410131	1.96487071361402	1.95184420187887
TCGA.DD.AACC.01A	1.89879067227187	2.17498255709782	1.94446619690673	2.08219175853959	2.09729553684253	1.93630246043555
TCGA.BC.A3KG.01A	1.34151298602886	2.16522599682045	1.8627196478199	1.89520613155899	1.85793013609059	1.85964595952047
TCGA.G3.AAV2.01A	1.44794002994128	2.16071613416541	1.89585764419577	1.89308701483902	1.90438231626513	1.92871683782225
TCGA.CC.A7IK.01A	1.29094242536765	2.13073756583887	1.90206698660884	1.89190449589794	1.85335439041924	1.89901617793934
TCGA.G3.A25S.01A	1.455443144278	2.20222292937303	1.84348337371272	1.93221751844535	1.94079264982238	1.83881745368627
TCGA.DD.AADR.01A	1.57851849993665	2.19247549233807	1.90035504150342	1.97626630914766	1.9503069188775	1.91375531249844
TCGA.UB.A7MD.01A	1.58152245052692	2.179604787397	1.96710423469536	1.97203395893763	2.02320838833536	1.96516690465069
TCGA.DD.A4NS.01A	1.69242729876323	2.16705562988396	2.04623285892551	2.01027072234896	2.03282288281931	2.00634777072701
TCGA.CC.A9FU.01A	1.60152927212577	2.16905164262284	1.84645731916919	1.92654588880014	1.8829260471392	1.83048726265376
TCGA.DD.AAE3.01A	1.35620075382071	2.18806887972832	1.99260129537082	1.91706492261336	1.9629359198189	1.96729405004646
TCGA.DD.AACP.01A	1.57360153965094	2.17355959277305	1.88758907275528	1.92789234136206	1.89463514091458	1.86285598495313
TCGA.2Y.A9H8.01A	1.70235263603105	2.15844462493993	1.8532829631034	1.9610210939633	1.95315939101563	1.84311919609396
TCGA.FV.A3I1.01A	1.67388563590583	2.1751048897802	1.93509444809804	1.96569648388748	1.99067967397999	1.92462427853792
TCGA.2Y.A9H7.01A	1.50753499403671	2.18523323015523	1.85370071393318	1.9524570814568	1.9247520358571	1.90561378832719
TCGA.DD.AAVU.01A	1.330671254494	2.18933860091171	1.86738414593608	1.89184220482119	1.91292949310592	1.84134213648244
TCGA.BC.A110.01A	1.7277406556325	2.17782880610781	2.03861183624585	2.01222098261753	2.06500197880501	1.9976168902103
TCGA.ZP.A9CZ.01A	1.76165922069745	2.18476666383957	1.9349290178468	1.98808227003855	2.00274637815308	1.91037037205552
TCGA.DD.AAE1.01A	1.48179043288371	2.17720896538241	1.85645762061119	1.94007070163897	1.9221386864779	1.89896447705378
TCGA.GJ.A3OU.01A	1.79444725363251	2.16322041146829	2.01760506976719	2.07280350067538	2.13213455594458	1.9997727065966
TCGA.RC.A7SB.01A	1.47742530116276	2.19994261182709	1.9031022167594	1.90808145234039	1.92162674288093	1.89380518683777
TCGA.DD.AAVS.01A	1.53153069489558	2.17499013162046	1.95357302648974	1.95642731831219	1.94100552127126	1.92301849614099
TCGA.CC.A8HS.01A	1.41183569102509	2.14154109335045	1.91260372388644	1.90442171067457	1.86602395385027	1.90856459253547
TCGA.FV.A3I0.01A	1.46391844550125	2.06682493167304	1.97485075292363	1.96237111988618	1.99176123251906	1.95385403869964
TCGA.2Y.A9GT.01A	1.74883972032423	2.15415777277338	1.94036537784624	2.01563042914226	1.99046419388312	1.95984687648103
TCGA.2Y.A9HA.01A	1.40204411778745	2.18687430091842	1.90287715089369	1.8954349813093	1.89660094051584	1.9036836964376
TCGA.FV.A2QQ.01A	1.64568011578813	2.1976170761971	1.93760639055699	1.97647215181765	1.98718760173049	1.9273925523347
TCGA.DD.AAEH.01A	1.68306589683959	2.18205242745395	1.94580790599463	2.01753190540489	1.98411793676509	1.93905518949181
TCGA.DD.AADM.01A	1.61819046450511	2.206161932649	1.93207848830525	1.95291699073556	1.94766903829766	1.89728395610976
TCGA.G3.A3CK.01A	1.62775580967294	2.16004090325875	1.90595699685922	1.96694059538406	1.95497699649306	1.91364802893592
TCGA.EP.A26S.01A	1.38934600193285	2.16141278126619	1.89527050440242	1.89502666063375	1.87222553494097	1.91365676733722
TCGA.DD.A11A.01A	1.3206719452773	2.18050601938772	1.91482486752422	1.87970992455528	1.87750465428227	1.92479904919243
TCGA.DD.AAE6.01A	1.206161932649	2.16883803481812	1.80292936310212	1.80976603363724	1.78311621258154	1.81951710194211
TCGA.XR.A8TE.01A	1.51673254716505	2.1338719486787	1.96999047391366	1.94156504590636	1.92316507323431	1.95803991343536
TCGA.DD.A73B.01A	1.25930779521914	2.17786322386312	1.86407371842881	1.87858020184826	1.85523914258996	1.87422797986072
TCGA.EP.A3JL.01A	1.65033597508371	2.19386939649463	1.96117160467425	2.00734548598302	2.02005937363744	1.93123401381803
TCGA.CC.A3MB.01A	1.56674015963061	2.17789086292112	1.91027982580254	1.94212487905669	1.92552307207173	1.91412233504037
TCGA.DD.AAD0.01A	1.38647580101881	2.16006931568746	1.77698532442033	1.89415192650292	1.85459242078279	1.82588946925573
TCGA.MI.A75I.01A	1.41908537165001	2.20084713579691	1.89139573051275	1.93117109112757	1.93796612405765	1.8792562280079
TCGA.DD.AACZ.01A	1.75931830773504	2.14938516923	1.88096247327535	2.04579910624382	2.08903603312863	1.91404613995843
TCGA.CC.A8HU.01A	1.33454725222792	2.17672576599493	1.89384351293387	1.89264805006155	1.89549125899819	1.84806757305099
TCGA.RC.A6M5.01A	1.66459165900315	2.16749302908229	2.03310744873421	1.93999295543776	1.9373333557245	2.02006694268762
TCGA.2Y.A9GZ.01A	1.52392546170061	2.17127955539292	1.86436201997426	1.84445356625051	1.83798552848943	1.90916684475171
TCGA.DD.AACO.01A	1.60251079886009	2.18913276531514	1.90625282600062	1.95326315732445	1.94164131363512	1.88949787739703
TCGA.LG.A6GG.01A	1.39458059758523	2.1837107075388	1.88939874198976	1.8906907326586	1.89555535019894	1.89699689524261
TCGA.BC.4073.01B	1.83757724688109	2.14770712578398	1.94143216909392	2.05270937849132	2.07661521661319	1.94171616819988
TCGA.ED.A7PZ.01A	1.30635539509431	2.1887505711857	1.8969611632376	1.83659029362234	1.85121707422848	1.83885175489716
TCGA.DD.A4NV.01A	1.56822652878291	2.16599875014136	1.96688338798599	1.91113580223823	1.92024920535107	1.95378842924984
TCGA.DD.A73G.01A	1.51364912400892	2.18431115837765	1.89666778140637	1.9010008630769	1.93465130135368	1.85493583455732
TCGA.G3.AAV3.01A	1.83323545252369	2.15992924424567	1.90671497102118	2.00273137424618	1.98871613516641	1.9019144611722
TCGA.G3.A25U.01A	1.31354021484122	2.1569238172189	1.86741540920867	1.89266398892971	1.86849509853357	1.90391270032183
TCGA.BC.A5W4.01A	1.28354539647066	2.1818607517157	1.82150674774073	1.85771428047299	1.83411469649558	1.81202746405813
TCGA.UB.AA0U.01A	1.59396901510781	2.17162281891459	1.95689078694079	1.97490836867826	1.98167251449003	1.94913616292294
TCGA.EP.A12J.01A	1.49549357754287	2.14415869615661	1.87763070341567	1.89930425582237	1.8768729326588	1.90937393109185
TCGA.G3.A5SI.01A	1.37135822552942	2.1876403596259	1.90777191078121	1.88239841529082	1.86327480036412	1.90593776319362
TCGA.FV.A4ZQ.01A	1.84558666901476	2.15258665001505	1.85153500543488	2.03304514471162	2.02335698295845	1.85842700541129
TCGA.DD.A4ND.01A	1.67184481120224	2.1587772799467	2.03697242345479	2.00783755346019	2.01929494208546	1.98916818858631
TCGA.ED.A8O5.01A	1.42466054659985	2.15166063505634	1.94117689246363	1.92739762251978	1.88205827027163	1.95572060452826
TCGA.UB.A7ME.01A	1.76875977685964	2.16653042687813	1.93762579235388	2.00357484490364	1.99007894457358	1.92329619226379
TCGA.CC.5264.01A	1.57152952935306	2.1561304440289	1.88031577495364	1.94394374867165	1.92758444385745	1.87958226199702
TCGA.DD.AADA.01A	1.6823910537517	2.16476077582697	1.94150764829283	1.9963930197822	1.95773998436535	1.95757820713617
TCGA.2Y.A9HB.01A	1.65070439339667	2.17556859062227	1.92626833684227	1.98441705659118	1.96448154301508	1.93536027055968
TCGA.DD.AACS.01A	1.308651827691	2.16421265418667	1.86859325721429	1.88110289355057	1.86626491062032	1.89606450683105
TCGA.DD.AAE0.01A	1.58178612641155	2.15075757760612	1.95628094780202	1.93009182368875	1.92987799279095	1.90750777970009
TCGA.G3.A5SK.01A	1.66076824911352	2.1682894611606	1.90858886689782	1.9840233548767	1.99298916594967	1.92676350125579
TCGA.BC.A69I.01A	1.46735669759568	2.17739611553811	1.98590193376229	1.94517030949209	1.95875123089414	1.96980290353003
TCGA.BC.A10R.01A	1.49242741489459	2.17417943057458	1.99777250649898	1.90992372857997	1.94121576611818	1.98038733684661
TCGA.BC.A10X.01A	1.69252303128725	2.17548699090775	2.00819630573989	1.98278589274871	2.00984975484921	1.98019662015299
TCGA.BC.A10S.01A	1.60523265663392	2.18745585936927	1.97710811608212	1.98931202966358	2.02699148444556	1.97241685100193
TCGA.DD.AAVX.01A	1.53881431639604	2.16650455461253	1.94418658703015	1.98155121261924	1.98284653293509	1.95600968425746
TCGA.DD.AAVQ.01A	1.84937195610953	2.16586879655781	1.94567393463733	2.04933456269868	2.04948492134349	1.92367235915438
TCGA.RC.A7SH.01A	1.4124787172911	2.15858489045479	1.88215302087952	1.88049345698804	1.83779283426858	1.87537954255765
TCGA.G3.A3CJ.01A	1.50094627665317	2.18916759692321	1.91949418390206	1.91023005932613	1.91231819509561	1.90951953629145
TCGA.DD.A115.01A	1.4978763031016	2.18216719586074	1.94757122101676	1.94871863675994	1.93646063237537	1.93324560594864
TCGA.BC.A10Q.01A	1.52203187609164	2.08027380407044	1.94240460064049	1.97803474091277	1.98620703667742	1.94747905904938
TCGA.DD.A1EE.01A	1.35083447388498	2.14782046185913	1.89089741231468	1.89222120103533	1.91811123138687	1.91615650326018
TCGA.ZP.A9CY.01A	1.57272795307413	2.18352939211379	1.95618867948987	1.94417199123012	1.96467272775172	1.9451775943406
TCGA.FV.A23B.01A	1.56804639280385	2.16412874893303	1.91958814284784	1.97695096897161	1.96873421584093	1.95218258868113
TCGA.HP.A5MZ.01A	1.70670143678471	2.18042658358852	2.01997536644188	2.0214573047424	2.04795462581211	1.9934617661428
TCGA.DD.AACK.01A	1.41192668036811	2.18005244255858	1.91521298037634	1.9290219425896	1.92619043020798	1.92354365054915
TCGA.CC.A1HT.01A	1.74378967264388	2.09298932013182	1.95767495095132	2.05529668171644	2.11071130475884	1.95632321680075
TCGA.DD.A11B.01A	1.38638575935609	2.16379967473758	1.90491535365378	1.89402436350824	1.87544212467561	1.91711183384661
TCGA.ZP.A9D4.01A	1.28767556304121	2.15521327929787	1.85203268309135	1.86601643359159	1.87168280448646	1.88560184932356
TCGA.HP.A5N0.01A	1.53746084067479	2.17416374512269	1.99253382251359	1.92718059609144	1.94163348877295	1.98487239661516
TCGA.EP.A2KB.01A	1.42445708707143	2.17180068001181	1.91031406954018	1.9236908035391	1.91184422015387	1.90827164972587
TCGA.DD.A4NN.01A	1.40208786950805	2.16556312594589	1.92849888498038	1.88067991944164	1.88386576413088	1.90730137969727
TCGA.ES.A2HS.01A	1.40824273411823	2.19152575093003	1.9358628352341	1.87558914803453	1.88866280014706	1.91483224208285
TCGA.G3.A3CG.01A	1.58701164333388	2.17765016046364	1.95589365547581	1.94357791052589	1.93899921135	1.95573296268904
TCGA.DD.AAVR.01A	1.72420797194231	2.18561633640374	2.0173598249737	2.04122504282288	2.05453799920855	2.00021432501898
TCGA.DD.AAD1.01A	1.74822437529718	2.15017133825279	2.02318301500784	2.02940117374755	2.01961199676257	1.99448992482977
TCGA.DD.A73D.01A	1.37679159829317	2.17116344478663	1.79966161988924	1.8431274218314	1.80934365977266	1.86254841843829
TCGA.DD.AAVW.01A	1.65094944729156	2.1659575554631	2.0095035333102	1.99754471933443	1.9893004389313	1.98974917609213
TCGA.DD.A4NF.01A	1.33829550144145	2.13617208961032	1.91113380480134	1.86566008426284	1.85782164868771	1.94665788114484
TCGA.DD.AACN.01A	1.69022438871707	2.1618516898279	1.98801842499412	1.96829951477256	1.96722720446674	1.97803353860711
TCGA.DD.A3A2.01A	1.54318600122046	2.17053518610819	1.89997657134998	1.9064402345013	1.90293413703859	1.90028796684018
TCGA.K7.A5RF.01A	1.79428204740542	2.17739065512187	1.98837531301428	1.98479725310483	2.03673842440788	1.9587778730864
TCGA.DD.A116.01A	1.60641795405756	2.17996324806623	1.93741946441013	1.93464233125189	1.93873254404108	1.89886120307025
TCGA.DD.A4NI.01A	1.69386831235867	2.17563908181975	1.95662121911611	1.99634508490213	1.98038923844108	1.95978890690845
TCGA.BC.A10T.01A	1.55462632857369	2.17964932989996	2.00926701157109	1.94729235508449	1.94637096254646	1.97360392037375
TCGA.DD.AADJ.01A	1.55517628180396	2.19869198386412	1.90539007990875	1.94666378683757	1.93773753807283	1.91471069579573
TCGA.DD.AACE.01A	1.59227081634772	2.16654653513495	1.91317931913462	1.89058021587527	1.87493103985964	1.9276134028624
TCGA.FV.A3R2.01A	1.3298720784379	2.17829644789791	1.8910917307788	1.91913658468308	1.91569213403084	1.89135866646741
TCGA.DD.AAE7.01A	1.69754636007365	2.17877239160467	1.97923072619993	1.97212740731597	1.97376619544159	1.95918930883036
TCGA.DD.AADD.01A	1.47405664212734	2.16066698718618	1.83642445878856	1.90356168683082	1.89368829928153	1.85146122638513
TCGA.4R.AA8I.01A	1.50497347168122	2.17380082950404	1.90172742821741	1.89802329551352	1.91738581761524	1.8926285618797
TCGA.FV.A496.01A	1.4888293937143	2.17864260366834	1.88527755659577	1.82505715925695	1.82582153798896	1.88677282276737
TCGA.DD.A39X.01A	1.55323394649903	2.18856665900315	1.95743894729229	1.9522976141792	1.97329287160893	1.91656966408326
TCGA.DD.AADS.01A	1.65485838106157	2.18383196706239	1.85062730239544	1.96644700508209	1.97609331235327	1.88902802760139
TCGA.DD.AAE9.01A	1.37400832554764	2.1669505441596	1.83956248371207	1.88807394809393	1.87937879073077	1.84483480135235
TCGA.G3.AAUZ.01A	1.70784850245404	2.19330937010055	1.93596553543508	1.97348751074245	1.9791592291896	1.91564650185521
TCGA.WX.AA47.01A	1.46144005315689	2.1712683530246	1.90905586205927	1.86671882184817	1.83385864492759	1.90260348543755
TCGA.NI.A4U2.01A	1.38276015828023	2.16993340573169	1.95609401511948	1.91534826623964	1.91565291040342	1.96798717785378
TCGA.DD.AACI.01A	1.73221322024392	2.19109571628629	1.94801212394533	2.03574170083234	2.0475784531235	1.92298638360989
TCGA.ZP.A9D1.01A	1.61564856065293	2.17492971708025	1.98487622279416	1.98193785137372	1.9622240886582	1.97350406596618
TCGA.UB.A7MB.01A	1.22895101102834	2.16612237927684	1.87340771952091	1.88338641751343	1.83867145444843	1.88855931124266
TCGA.DD.AAVP.01A	1.52589872565706	2.16767279422778	1.93807542795042	1.91042074781313	1.90439605563666	1.9200759024007
TCGA.DD.A4NR.01A	1.71129906256052	2.17201869990328	1.91635718804131	2.05205748826579	2.0946276303611	1.92882666176244
TCGA.RG.A7D4.01A	1.86500637056049	2.16076717945776	1.84308421945333	2.02627905334711	2.00022117837923	1.84238775216328
TCGA.5R.AAAM.01A	1.68472226828958	2.18006715553812	2.0001386472242	1.9849422769389	2.02169376681064	1.98574219342263
TCGA.DD.A3A4.01A	1.38809531286755	2.16311645100351	1.92209707120207	1.84795911921654	1.84338869400778	1.93662265702202
TCGA.BC.A217.01A	1.62910306761059	2.18055549119587	1.83378302459566	1.95425867777825	1.9426733591981	1.81012649095196
TCGA.RC.A6M3.01A	1.59151242683378	2.14766990345109	1.89956645702423	1.98775632932743	1.96221798820614	1.89912485253642
TCGA.DD.A4NQ.01A	1.37277374217392	2.18135847280644	1.90669501650032	1.95502670314909	1.98622685706883	1.87970656392018
TCGA.CC.A9FV.01A	1.67225429624372	1.91986916339128	2.0861733243933	2.04216690269027	2.10218602335559	2.00540374760638
TCGA.UB.A7MC.01A	1.3833722235647	2.15341123348631	1.89434644052213	1.87986705502285	1.86675128944317	1.90689364832364
TCGA.MR.A8JO.01A	1.62284124330162	2.14862580317521	2.08977745157767	2.03477034550859	2.03185296454676	2.05417137674965
TCGA.DD.AAEG.01A	1.48257688257635	2.19025435207955	1.94042770837863	1.87779405493644	1.87673065287285	1.91923828846521
TCGA.DD.A39W.01A	1.53419999938527	2.13047575965742	1.87905666929255	1.90195087671281	1.89532563262435	1.8982236063564
TCGA.DD.A39Z.01A	1.32821257007755	2.19869457028812	1.8653527231289	1.90780961846169	1.85257323384477	1.88010199047311
TCGA.BC.A10Z.01A	1.2442100112435	2.17025563661506	1.84303786786471	1.81219020051841	1.79875358478641	1.85395432605356
TCGA.WQ.AB4B.01A	1.52732074035467	2.20007535810559	1.95937774611649	1.96594449488833	1.96517873126323	1.93618639797111
TCGA.CC.A123.01A	1.43541451493797	2.18946108174218	1.9280448676942	1.94390449632984	1.94979430173925	1.89078522584917
TCGA.YA.A8S7.01A	1.67469042468413	2.13146049730401	1.96256220493115	2.02041817495994	2.10273393198104	1.95809356837237
TCGA.2Y.A9H2.01A	1.56130587896359	2.13187146952159	1.91814151710421	1.98055432903559	1.98487146516881	1.92587460401015
TCGA.5C.A9VG.01A	1.56858313296252	2.14930857687838	1.98110113924214	1.91852295445292	1.90357786251196	1.94591660869238
TCGA.CC.A3M9.01A	1.71487528444649	1.9463049943392	1.98487273978881	2.09512328974372	2.14160253037971	1.98359543334603
TCGA.EP.A2KA.01A	1.73355472493614	2.17563610986703	1.88465524881505	2.01892403312468	2.01219688772633	1.88284047363926
TCGA.DD.AADW.01A	1.54641500022446	2.15633820305261	1.96889485240945	1.92029695178287	1.91179966810625	1.96618348406759
TCGA.DD.AAED.01A	1.49763173957056	2.16541995689339	1.80604471759866	1.9443299945474	1.90517359677351	1.83133411329056
TCGA.LG.A9QD.01A	1.62710779803684	2.18068651350854	1.93853260063108	1.95143578088976	1.93651844244168	1.92112153337711
TCGA.DD.AADV.01A	1.50790313349076	2.18266012707352	1.93720273474008	1.92758159465835	1.93124859846386	1.92563267105282
TCGA.G3.A3CH.01A	1.62696816339813	2.17216303588026	1.95824352507646	1.97131088711565	1.9569872073537	1.9574607944586
TCGA.G3.AAV1.01A	1.35080566461212	2.15547910329803	1.94019344685246	1.92545008226014	1.93588544384414	1.94662672304354
TCGA.ZS.A9CG.01A	1.53897351659656	2.16805863117848	1.93454725968418	1.92520846214063	1.91797852216823	1.94706209604302
TCGA.DD.AAW3.01A	1.3676422552629	2.17003224660071	1.89516636294925	1.88586951424949	1.86310179837525	1.90522130676669
TCGA.ED.A7PY.01A	1.46192072008776	2.18300503000156	1.88340930634886	1.90543627275422	1.8751846332556	1.87725987673169
TCGA.ZP.A9D2.01A	1.68022929863344	2.14964430571827	1.95794047413051	1.94436008451432	1.96063897652463	1.95088222474476
TCGA.G3.A25Y.01A	1.62658283376848	2.1769783863	2.00230181424533	1.9880201294458	2.00755398720872	1.98120583203623
TCGA.G3.A3CI.01A	1.67739014931471	2.18082334889669	1.96064825772069	1.94836501781409	1.98201090626347	1.95189993161499
TCGA.K7.A5RG.01A	1.90863659091619	2.15880406823739	1.92250739252982	2.06785952482076	2.07250959516922	1.93367110665377
TCGA.EP.A3RK.01A	1.79232767583753	2.17064902309531	1.92232433920028	2.01763645414315	2.04864145970833	1.91292226055638
TCGA.CC.A7IJ.01A	1.66736191787708	1.95715080012723	1.9986880637054	2.05789738778885	2.08628013677726	1.96151086815147
TCGA.MI.A75H.01A	1.63217757216358	2.17961660462178	1.92533650666587	1.98003291140696	1.97590328900378	1.94097850790882
TCGA.G3.AAV5.01A	1.5034001990685	2.16810850891434	1.87372850483195	1.92793385678231	1.91245848639111	1.86835312512679
TCGA.ED.A7XP.01A	1.60462744801572	2.17107508992946	1.97066519246004	1.9620100516286	1.9620124255912	1.94806500817028
TCGA.DD.A1ED.01A	1.67563317654688	2.16851326789673	1.97997468937586	1.99178393591309	2.02618916284786	1.9909865381726
TCGA.ED.A5KG.01A	1.91263657879821	2.10231276038893	1.98013336431734	2.13483745259107	2.11106421181965	1.96715987863781
TCGA.ED.A459.01A	1.37673552120541	2.1718823287055	1.91807440852367	1.93836756546441	1.97322835242432	1.90022798705022
TCGA.2Y.A9GX.01A	1.77561826485745	2.15317305787336	2.01478571031656	2.03453308158121	2.06243037694671	1.9894206761282
TCGA.DD.A73E.01A	1.35492988923306	2.14491977692873	1.8866494717126	1.84287140775721	1.81036062192939	1.89528666285449
TCGA.QA.A7B7.01A	1.36936745845788	2.1483501417901	1.81073232757845	1.91009538576726	1.84145772895914	1.83932335247183
TCGA.DD.AACL.01A	1.7878292248881	2.18096018524031	1.8899020670116	2.01916703593084	2.05708010142254	1.88645494020691
TCGA.MR.A520.01A	1.60284898679802	2.17744511529724	1.92131908676928	1.91389540981641	1.9065628031141	1.92028986195492
TCGA.DD.A1EF.01A	1.69219988456101	2.1438197596146	1.90796283296897	1.98352512215554	1.95537632634001	1.91402452074941
TCGA.G3.A25T.01A	1.54710767918905	2.16142896809765	1.95846811547	1.96985894517059	1.9800841305406	1.93100247268147
TCGA.FV.A4ZP.01A	1.4803312493606	2.16400055535764	1.84757395203214	1.9460143130842	1.95745348028663	1.81202349242298
TCGA.WX.AA44.01A	1.57962157136061	2.18352761616823	1.91982132358096	1.96003148862421	1.94996273456431	1.90899660228342
TCGA.DD.A4NE.01A	1.37369891646876	2.1798451608188	1.93483330518546	1.88030622175954	1.88117478143138	1.91429808866403
TCGA.CC.A7IG.01A	1.47694064813496	2.18023221899258	1.91132880566562	1.93390159358844	1.95375166173212	1.87802314265927
TCGA.ZP.A9D0.01A	1.52845511274917	2.17371175556722	1.91444882695455	1.89348895694125	1.88982551379968	1.9137771162658
TCGA.G3.A25X.01A	1.65503250572208	2.1812406196146	1.98370055559758	2.01209457180167	2.04602254492424	1.93961596214907
TCGA.BC.4072.01B	1.72387814564202	2.16064489303399	1.9667529377765	2.03300785258754	2.03716605823016	1.94386743765801
TCGA.XR.A8TC.01A	1.32957940444646	2.16727295577123	1.92769347132185	1.90806083582264	1.88494916250811	1.93533778100446
TCGA.BC.A3KF.01A	1.33177981639463	2.18814723617943	1.88619301170874	1.89904412398575	1.89197063596115	1.90847031500452
TCGA.O8.A75V.01A	1.65457130536328	2.19358474582862	1.94489983474744	1.98223313053551	2.00324345391175	1.93158187262511
TCGA.DD.AADI.01A	1.71463786890566	2.17899115470616	1.96271536097833	2.02853837114783	2.02322453618827	1.92930118422535
TCGA.BC.A8YO.01A	1.61619933703574	2.14818880192368	1.85288679962619	2.01354076305791	2.0002229489839	1.88804494722561
TCGA.DD.A39V.01A	1.59923198598708	2.18142008171289	1.93374231900548	1.9944790257999	2.00281090659474	1.90121293942851
TCGA.DD.A1EC.01A	1.81796491827058	2.10549896395881	1.94872484146111	2.08348444521285	2.08684793629581	1.95012992934921
TCGA.DD.AACQ.01A	1.35961190891646	2.17909795439523	1.84092163451604	1.84723059102639	1.8237059715073	1.85330285860305
TCGA.DD.A1EB.01A	1.47928963905141	2.13942133585114	1.92453111353454	1.911213445913	1.88665226324568	1.94025780660484
TCGA.KR.A7K7.01A	1.72309394249462	2.18643542569102	1.84341583169842	1.99639052590321	1.98029442925526	1.85271116836932
TCGA.DD.AAVV.01A	1.73534712331828	2.18136575069584	1.99226700318899	2.0172036739577	2.03656775675984	1.97055630515394
TCGA.DD.AADN.01A	1.80056285105505	2.17160583517429	1.78256688456213	2.01469866796835	2.00249485220749	1.80979793625678
TCGA.LG.A9QC.01A	1.43324783489491	2.1597257539426	1.93610054541349	1.88891789447664	1.8656233667661	1.93112448633476
TCGA.RC.A7S9.01A	1.66207045927527	2.18727374988772	1.85148934991029	1.96541375459017	1.92948259105067	1.87355554325657
TCGA.BC.A112.01A	1.53652133783876	2.11856604355829	1.97785467791656	1.96045926161417	1.99619305117001	1.95865878531707
TCGA.2Y.A9H0.01A	1.69250737902475	2.1825254783191	1.85795436913188	1.96193032201848	1.95972009642344	1.84004915206284
TCGA.CC.A7IL.01A	1.35571834247814	2.18438044256499	1.83331181598562	1.84061908098964	1.82819173865152	1.85605372357728
TCGA.KR.A7K2.01A	1.56489658947462	2.18885356035526	1.95101883797039	1.97611359346918	1.94120487900604	1.93330027772959
TCGA.DD.AADU.01A	1.36972138640715	2.17941822018765	1.90117370259411	1.91536781477611	1.90040969282969	1.89791643970539
TCGA.ED.A66Y.01A	1.43270949082065	2.12922056977252	1.90200849829596	1.86777630913866	1.81853444860619	1.90228810640657
TCGA.CC.A8HT.01A	1.53223066740544	2.1893366400245	1.85817770792759	1.97187949646731	1.99558608961354	1.85881134077244
TCGA.DD.AADY.01A	1.3988073233739	2.14966302030419	1.93836668668587	1.92033299173682	1.90086406290895	1.96424517835551
TCGA.BC.A216.01A	1.62892905036979	2.16977623309058	1.92063221952107	2.00218611578911	1.94959875441935	1.87680908118003
TCGA.RC.A7SF.01A	1.50026660078041	2.19765303732961	1.90047154338201	1.94197926947089	1.90717543092778	1.89732542146179
TCGA.RC.A7SK.01A	1.46102586255417	2.18914219023552	1.89766141233946	1.86980224931897	1.83739514177773	1.89139550528384
TCGA.DD.AAD8.01A	1.39000899271088	2.18345761384008	1.89723379977276	1.91573962544132	1.90066777396131	1.8785597599738
TCGA.DD.AAEE.01A	1.33985876479944	2.19246136510648	1.89507241406076	1.89235645931789	1.86941896564347	1.89959850917597
TCGA.DD.A119.01A	1.59561238266496	2.20527282996557	1.96892710262207	1.94858494233517	1.95941712172199	1.92348977453993
TCGA.G3.AAV6.01A	1.52970625209848	2.17064102289822	1.90395151842196	1.90859090274362	1.89185736979771	1.85696875526617
TCGA.DD.A73F.01A	1.68819935780543	2.18027676575161	1.91675359356491	2.02746612870863	2.01388052046878	1.91750156450304
TCGA.DD.A4NP.01A	1.52140495613245	2.17450295721111	1.9072741927796	1.89855760163326	1.89526995600054	1.91144515701748
TCGA.DD.AAEK.01A	1.73140308920299	2.15533993481239	1.96711074371561	2.02742769490053	2.02060876082549	1.95749545542899
TCGA.DD.A11D.01A	1.4338239914908	2.17714640821263	1.9486412617948	1.91300223782236	1.91040096800584	1.9422642221755
TCGA.DD.A1EG.01A	1.75874511844432	2.18635304916279	1.96083042817971	2.00431079569135	2.03510890787771	1.94475772039279
TCGA.PD.A5DF.01A	1.61481262004784	2.18557792304314	1.98791711795003	1.97642207989766	2.02244400192153	1.95454849735694
TCGA.DD.A3A9.01A	1.62435125117263	2.17044194582537	1.99961128440434	1.97196899179474	1.9551432023829	1.96675680278712
TCGA.2Y.A9H4.01A	1.48975665796462	2.18255026254198	1.89706039677754	1.93181781312048	1.92687940716486	1.89718453124615
TCGA.DD.A118.01A	1.4757618097043	2.16382461103965	1.95337693852057	1.91435530265007	1.92248380659514	1.94643163251591
TCGA.DD.A4NL.01A	1.57300293718425	2.17533817982654	1.98445524899731	1.94106219010165	1.95877776770083	1.98599076315076
TCGA.5C.A9VH.01A	1.48072949022107	2.17833502517219	1.99266291442777	1.94472466629268	1.90978806798913	1.97631579272047
TCGA.3K.AAZ8.01A	1.57639314258888	2.18491779205178	1.87080679943857	1.95359750494965	1.9248093335139	1.88173225663829
TCGA.MI.A75G.01A	1.42171820617136	2.19489160371247	1.91479711010401	1.89123691778335	1.87228530576348	1.90626221822719
TCGA.DD.A3A6.01A	1.57970537851503	2.00247607509359	2.06846037347456	1.99384776620946	1.99459876628404	2.00536279191416
TCGA.CC.A5UD.01A	1.4149929690241	2.11911867418943	1.92988783154191	1.9324016338512	1.91606862506898	1.92044602200129
TCGA.DD.A3A3.01A	1.46648716226891	2.19708375751967	1.8886875046652	1.92336792915928	1.92402592896052	1.86400363564675
TCGA.CC.A7IH.01A	1.39790792678293	2.15773682790039	1.91011410014627	1.87676510427607	1.84403651409844	1.92231464516702
TCGA.DD.A4NH.01A	1.55590282297959	2.16610801115355	1.92731874743249	1.98406966727972	1.99541343652029	1.90835939259831
TCGA.K7.A6G5.01A	1.66394136139656	2.1953850916365	1.94449484241341	1.96483377123586	1.98658984385997	1.92951826949985
TCGA.DD.AACU.01A	1.59489318460538	2.1832645070209	1.92273000009068	1.94467159116822	1.95227062327771	1.91537436046879
TCGA.BW.A5NO.01A	1.66208059571291	2.18827456603334	1.89958603357031	1.94634712478476	1.94515817955239	1.8839648022679
TCGA.XR.A8TG.01A	1.57485690524023	2.17293808824508	1.96394353949371	1.9468202644303	1.9560899165968	1.93702514230778
TCGA.DD.A1EJ.01A	1.52822978464494	2.17689095580775	1.8862132932107	1.92506498184918	1.95491783116106	1.85804427663635
TCGA.CC.5259.01A	1.63915319703071	2.20241943425666	1.88196361851255	1.9682147030422	1.92878927864061	1.88648340991036
TCGA.2Y.A9H3.01A	1.83182338695655	2.18017976850975	1.94235944316363	2.00745724963937	2.01047364833018	1.92957145681225
TCGA.UB.AA0V.01A	1.59117365562335	2.17007989978715	2.00971648464475	1.96084401794999	1.98151089646601	1.97878943459118
TCGA.GJ.A9DB.01A	1.56537507338202	2.18134057295025	1.95980705530316	1.92911115141095	1.95915559895588	1.92597825463143
TCGA.DD.A4NK.01A	1.41413718971955	2.16887962699459	1.90026570466722	1.87437241053795	1.86558981559546	1.90866782859239
TCGA.2Y.A9H6.01A	1.63610740123145	2.17876761989024	1.98042165571781	1.98384964229993	1.98710792524298	1.97179348103092
TCGA.BD.A2L6.01A	1.45158814611083	2.18961248858152	1.92441797942467	1.94303810635364	1.91200922009377	1.91258293697874
TCGA.G3.A5SM.01A	1.70264294548655	2.18491534119097	1.97272918989526	1.96709717408451	1.99075668537756	1.95478649724672
TCGA.DD.AAD5.01A	1.31053231110932	2.14730845982092	1.90106529636647	1.94826373181402	2.02900986528907	1.88713850658821
TCGA.BD.A3EP.01A	1.82295480234632	2.17127123907939	1.99977152363316	2.02781238935898	2.03703876812692	1.97917838705457
TCGA.CC.5260.01A	1.61863677616427	2.02530263551012	1.9873225961896	2.00367050973	2.01929981802574	1.97314784221375
TCGA.WQ.A9G7.01A	1.47349868645952	2.17166824922736	1.8802677582311	1.90994172506112	1.9058261347953	1.86853060357777
TCGA.FV.A2QR.01A	1.50053867949154	2.17895559291142	1.95639345654886	1.91567352915512	1.91253507961174	1.94173689320135
TCGA.DD.AAW2.01A	1.35157812839489	2.17033015532382	1.91387997796377	1.89431957338914	1.85955301043935	1.9301524257404
TCGA.DD.AA3A.01A	1.46401377178614	2.0976112293359	1.91364692181477	1.94776539587182	1.90963548755121	1.91275839138697
TCGA.CC.5263.01A	1.5728426247187	2.13775242927766	1.89327070745125	1.98090702512058	1.9987223321775	1.91257180807328
TCGA.FV.A495.01A	1.68567300817342	2.20307894978435	1.95541536094932	1.97277171950638	1.98714305518383	1.89980545228396
TCGA.BC.A10U.01A	1.3553581957553	2.18636626865268	1.87554668278881	1.91566584751596	1.92134834456009	1.84650145165188
TCGA.ZS.A9CE.01A	1.29216371908789	2.1868822776373	1.84475709151804	1.82075965287547	1.7922550740928	1.84893387767233
TCGA.G3.A7M8.01A	1.5270228608164	2.17179856059484	1.9574712505615	1.89251199635867	1.95527674095435	1.95779019172231
TCGA.5R.AA1D.01A	1.6534705976036	2.16660530887463	2.07893465421184	2.00650365682963	2.01804488352876	2.06681964932765
TCGA.ED.A82E.01A	1.56728023159724	2.04900932903595	1.96857704204808	1.9474640472382	1.95900626881501	1.96205418532183
TCGA.DD.A3A1.01A	1.40937135591009	2.20051053834406	1.84193095588823	1.96803745572097	1.98454484603349	1.85158296757251
TCGA.MI.A75E.01A	1.71480132386027	2.19029781622372	1.96338105863882	1.97637973459639	1.98240343689098	1.9460806532179
TCGA.DD.AAEA.01A	1.61764965336598	2.18747987880017	1.85685225396449	1.97041193038376	1.93664555486835	1.8570386951852
TCGA.ZS.A9CF.01A	1.44187928062184	2.16332182736484	1.89872229124633	1.94262513649034	1.92531778896578	1.92465963627239
TCGA.G3.A25V.01A	1.66767854896743	2.18872165674255	1.99045756248122	1.99568086956883	2.02478044617224	1.9692034778855
TCGA.CC.A9FS.01A	1.4731351221256	2.16958076467243	1.89666367300536	1.93728003161567	1.91440439261784	1.91030285614805
TCGA.BC.A69H.01A	1.535393055665	2.19358330091738	1.89861265318854	1.95854687596758	1.99052993575611	1.86094356593852
TCGA.DD.A3A7.01A	1.43715645727305	2.19016969454821	1.86915326651627	1.91604383620522	1.88734930309755	1.84518149543153
TCGA.CC.5261.01A	1.72885712284663	2.11867265964169	1.98850615164202	2.01676386902425	2.0053624493057	1.97976339272166
TCGA.G3.AAV0.01A	1.55574513080543	2.1813728926526	1.89247711205341	1.90540721276309	1.88327805759406	1.89391002913597
TCGA.DD.AAE4.01A	1.73012330596211	2.19050958975237	1.94740785194492	2.01596551979874	2.01360545368135	1.93740226569581
TCGA.CC.A7II.01A	1.48359804500273	2.05614819540253	1.94316246655094	1.91069238435331	1.90471263652046	1.87886804281925
TCGA.DD.A3A8.01A	1.40795583166473	2.17137169678702	1.88900968836286	1.88247720791472	1.85958390483481	1.91304506691739
TCGA.G3.A7M5.01A	1.45538731499024	2.19263065381076	1.87463810467762	1.91704553085314	1.90396472821062	1.87467467091273
TCGA.CC.A3MC.01A	1.54560807185683	2.18366736632126	1.96258575330228	1.94354908851102	1.9559855426254	1.9306641281678
TCGA.2V.A95S.01A	1.84246726359193	2.16578146211164	1.89061705305516	2.06540770839736	2.06158142089429	1.90148794517702
TCGA.ED.A66X.01A	1.68848345299416	2.15739206985965	1.99210810801516	1.97855893383464	2.0229039332401	1.95544011200921
TCGA.G3.A6UC.01A	1.28755923781444	2.15177264788291	1.84057509809955	1.86162979071367	1.84675435942292	1.89118749359993
TCGA.BD.A3ER.01A	1.65202412015449	2.18025954808206	1.98584527653109	1.96479325949729	1.99577740434483	1.98500498111447
TCGA.DD.A3A5.01A	1.36652211057281	2.19228580292482	1.93436412218595	1.91393668933956	1.88513780171588	1.90663421054487
TCGA.DD.AACH.01A	1.4869761310616	2.15469107583546	1.94426012478236	1.94076460424462	1.96816083640448	1.93253133602388
TCGA.CC.5262.01A	1.69313728843916	2.19012698987023	1.99905356606936	1.98568051307237	2.02105892382496	1.96228642093822
TCGA.DD.AADG.01A	1.49949053129602	2.16802234893743	1.89795947269063	1.86353749858644	1.82194321212832	1.90783503412347
TCGA.DD.AAW0.01A	1.65609692997099	2.17081306212589	1.96629735222061	1.99233355178389	2.00692334037886	1.95065404547817
TCGA.DD.AACJ.01A	1.40450325828259	2.18834723361426	1.85994046906188	1.87812312719704	1.89518166962026	1.86459465260611
TCGA.DD.AADL.01A	1.37165008404075	2.1888461471791	1.87621249310466	1.87971014862296	1.86325959939549	1.86861459822385
TCGA.RC.A6M6.01A	1.58078062932697	2.17362004906074	1.89267443600413	1.92477033062318	1.92447592477231	1.86883362315013
TCGA.DD.A4NO.01A	1.38351692139769	2.17228174276897	1.95023037811333	1.92764520960529	1.9294083729817	1.94508481299151
TCGA.CC.A5UE.01A	1.35600859958732	2.18283437187818	1.85339516443723	1.91964719599713	1.9176081773314	1.84753951014626
TCGA.G3.A7M7.01A	1.49817332073359	2.19655990677247	1.93799144817108	1.919170756417	1.91545516319432	1.92106325966797
TCGA.ES.A2HT.01A	1.6203577540455	2.19666543931056	1.94764594549782	1.95123439266994	1.96779190081718	1.92551659143315
TCGA.DD.AACX.01A	1.3675713058297	2.16710871062593	1.82855278213553	1.91719722654443	1.92715735572221	1.88318122446638
TCGA.2Y.A9GV.01A	1.57602906035947	2.16222167073699	1.92238948453838	1.9629272701236	1.98758564684548	1.95737534506923
TCGA.DD.AACF.01A	1.55192091923767	2.18212043801733	1.85180635234348	1.96817414717317	1.98488569508154	1.9097547576057
TCGA.BW.A5NP.01A	1.50569718557424	2.16890162259238	1.90096894351655	1.90583523435426	1.87482631677189	1.89599911543692
TCGA.UB.A7MA.01A	1.44018948958262	2.14567201511889	1.94043627383248	1.91834471508239	1.93549766420696	1.90387080386233
TCGA.G3.A25Z.01A	1.46916007837322	2.19452651863756	1.95522424359344	1.93490405464405	1.97150527701109	1.93464005718965
TCGA.MI.A75C.01A	1.4372597325496	2.18735736061431	1.83458709173541	1.95146099100234	1.92476427413356	1.84927135671082
TCGA.DD.A4NA.01A	1.72980367711291	2.03598025533509	1.93325129252617	1.98809473859391	1.99335688745691	1.94487737845629
TCGA.ZP.A9CV.01A	1.65381791321639	2.16406182500649	1.93519348344651	1.96996568277886	1.9834400553229	1.94263317194018
TCGA.T1.A6J8.01A	1.46363008539487	2.19563000401577	1.93946237893609	1.9082629845026	1.93272474501265	1.91554057047834
TCGA.DD.A1EK.01A	1.44557657812053	2.18917674869416	1.91534689265661	1.94440508063518	1.99250207631418	1.91338396733532
TCGA.5C.AAPD.01A	1.85860367053817	2.1691566469018	1.9381448025173	2.0079342832113	2.03741861173289	1.90335104797583
TCGA.KR.A7K8.01A	1.72300315978718	2.17350079185272	1.96987568665598	2.0173109176914	2.01371829709402	1.93062172079126
TCGA.DD.AAD6.01A	1.28123155574914	2.15944483190676	1.83659837119757	1.90069310700928	1.89970136100667	1.84713446888103
TCGA.DD.A4NB.01A	1.52721761072444	2.15645901519793	2.06248439692012	1.99836177400809	2.007345254752	2.02134662841661
TCGA.DD.A11C.01A	1.4895303860427	2.15915331442335	1.97414230119833	1.93741618553155	1.94502409218208	1.97908498621479
TCGA.WJ.A86L.01A	1.40174667279323	2.1675401283731	1.80530050401867	1.87670902959697	1.84981068063535	1.83021979178686
TCGA.ED.A8O6.01A	1.56523388305828	2.16994852186134	1.90972923032542	1.93819599227449	1.92311807609337	1.87777076597882
TCGA.DD.AAEB.01A	1.42725165071903	2.17597700149484	1.9012264915296	1.91036252038607	1.87375331735184	1.91607855537655
TCGA.2Y.A9GU.01A	1.53722507065356	2.17434521628582	1.89073789998429	1.89361758796533	1.86794713545307	1.89705570061602
TCGA.DD.A73A.01A	1.49517440602206	2.18257482909871	1.8910834308867	1.98699306943076	1.95929485016481	1.91802294217291
TCGA.RC.A6M4.01A	1.2799841082857	2.17579546038041	1.86741856185079	1.83407310137408	1.82816886875307	1.84762480000432
TCGA.BW.A5NQ.01A	1.71879022279358	2.15895894375259	1.87648427165862	2.01140752412304	2.00748537164089	1.87793774289776
TCGA.DD.AAVY.01A	1.39851833707066	2.16569220674285	1.83748657886524	1.8733862441462	1.85297197157425	1.89000374318426
TCGA.DD.A1EL.01A	1.36728056048874	2.15754404472777	1.89826789521958	1.93835019900077	1.96269853141627	1.88602979060385
TCGA.DD.A4NJ.01A	1.66831795735503	2.16708863227295	1.9308917621645	1.9748761153381	1.99442938062691	1.92910621193639
TCGA.G3.A5SL.01A	1.45326339733591	2.17731943496769	1.93696016443083	1.91747081339439	1.89894362273003	1.93560788284063
TCGA.DD.AACG.01A	1.50341356402764	2.19671145734878	1.85302843454164	1.96526432366165	1.96032410437147	1.85392984603538
TCGA.DD.AAC8.01A	1.51440714446421	2.14076445873666	1.91211720292679	1.93078939314903	1.95740378276818	1.91710255289947
TCGA.ED.A7XO.01A	1.74099622433842	2.18550027159848	1.96587700944258	1.96118195205866	1.98883840020995	1.92960711285634
TCGA.DD.AACB.01A	1.81334548809961	2.17604355875415	1.8901556971225	2.00498164229247	2.00126440900903	1.87647178506926
TCGA.G3.A7M6.01A	1.57623700112614	2.14298563487385	1.96963787272753	1.94592373573944	1.93319371681698	1.95592649004746
TCGA.ED.A97K.01A	1.71438467360307	2.11648111717476	1.9726325440946	1.98412533591364	2.0071156385503	1.96553292936315
TCGA.DD.A73C.01A	1.44682480705214	2.12949149085649	1.94178719777864	1.92889108786325	1.90841186878773	1.9733272179755
TCGA.DD.AAW1.01A	1.45142633878798	2.15527035807055	1.91189810000176	1.88766787744186	1.88052806021798	1.93327165678666
TCGA.XR.A8TF.01A	1.54403714337764	2.15649820905792	1.87624748550206	1.92521808247989	1.8921748937041	1.91130773837614
TCGA.CC.A5UC.01A	1.65260384279173	2.17792167721454	1.97953204989374	1.96705740208348	1.9689564720472	1.94516398528237
TCGA.DD.A39Y.01A	1.49871186912171	2.19672859146615	1.88528003217408	1.93347461849534	1.93202995587066	1.8536055765989
TCGA.DD.A114.01A	1.79886597595608	2.13782704232407	1.99066009947591	2.0425849858425	2.06468552897413	1.96941058657886
TCGA.NI.A8LF.01A	1.52303915749991	2.16942376034073	1.98440404269073	1.90988597679199	1.89729493134087	1.98207471974049
TCGA.DD.AADF.01A	1.7444410671373	2.18764147682078	1.85688348278132	1.92547455163052	1.87737890543747	1.84341519037737
TCGA.DD.AAEI.01A	1.45493878876176	2.18386359870102	1.88807077248329	1.96582202762147	1.98670207363921	1.91354962480777
TCGA.2Y.A9H5.01A	1.65903575746672	2.16906318336594	1.95884489543961	1.95993063591059	1.94030060680758	1.95287773293951
TCGA.DD.A39X.11A	1.60172652601864	2.18244867197519	1.90700691157573	1.9474946376359	1.96326993712563	1.90128748753314
TCGA.DD.A1EC.11A	1.66783560290503	2.1549512324213	1.97810607272577	1.95676010426167	1.99967666467432	1.96146916953698
TCGA.DD.A1EL.11A	1.70138533608635	2.17864974191973	1.9491061299985	1.96351367073198	1.99480201509559	1.9384617093722
TCGA.DD.A39W.11A	1.6009352234697	2.18010281690252	1.93461268096809	1.92939647605342	1.95878699386564	1.91882008365282
TCGA.DD.A3A5.11A	1.53750242766355	2.18472050880596	1.90514688432025	1.90742596066595	1.90683414001647	1.87958444183879
TCGA.DD.A3A3.11A	1.74177327626335	2.17076718777459	1.98803685014616	1.98798525639059	2.06445824272669	1.97153102135572
TCGA.DD.A39V.11A	1.66068842761293	2.18571891287948	1.95361301212437	1.97345988743854	1.98364110924199	1.94703520862677
TCGA.BC.A110.11A	1.61555657711749	2.17042769137657	1.95210714242995	1.97241542850639	2.00486682950388	1.95696901521744
TCGA.DD.A3A1.11A	1.73209866706346	2.19713623782574	1.96351946854317	1.98577847553222	2.0349024960837	1.93461522787895
TCGA.DD.A1EB.11A	1.65763398159433	2.17070438672513	1.92194394358951	1.95826500078328	1.9936550930542	1.92484735970348
TCGA.DD.A1EI.11A	1.66744061734449	2.17477470705433	1.95114001371737	1.9607697133889	1.97905864083063	1.94774176144472
TCGA.BC.A10R.11A	1.6654883277912	2.16626436301862	1.94067745182446	1.98298120186693	2.03806169491894	1.94713156637532
TCGA.DD.A1EH.11A	1.68230925260619	2.18037810256035	1.94688962860431	1.96363937665922	1.9776830455936	1.93407198247415
TCGA.DD.A11C.11A	1.67427563929029	2.16856019113623	1.92208693879437	1.95046795837847	1.96706999380036	1.92652931028269
TCGA.DD.A1EJ.11A	1.66790197679082	2.18081868436772	1.9623632577286	1.97480164276381	2.01874240709623	1.94060833740548
TCGA.DD.A3A4.11A	1.69564109497581	2.17263112909852	1.97657599718921	1.97539667723989	2.01053679438709	1.9577411298485
TCGA.BC.A10Y.11A	1.65122975950279	2.16580720158082	1.97548854314364	1.98078462067941	2.02284632777966	1.97175359794258
TCGA.DD.A113.11A	1.63279611317068	2.18225690463799	1.96526131086405	1.94449607482085	1.96424977488507	1.9363892600706
TCGA.DD.A1EG.11A	1.6960053804135	2.18639856254018	1.96501463580588	1.99041599487454	2.04419271206422	1.952656440748
TCGA.G3.A3CH.11A	1.74648166951988	2.17605896829929	1.93745639546155	2.00611404501035	2.01536196068905	1.93472233490737
TCGA.BC.A10X.11A	1.62500532965939	2.17256232893513	1.97504304378734	1.96629058275059	1.98315499036796	1.96160309511592
TCGA.DD.A39Z.11A	1.60577070197966	2.18553790172999	1.95896558417833	1.92288092608332	1.90799674560637	1.92226247085388
TCGA.BC.A10W.11A	1.70483773502092	2.1875203802551	1.95263933051133	1.99546145237135	2.02371226191405	1.95054021613245
TCGA.BD.A3EP.11A	1.68537619579311	2.17132508738145	1.9581513563502	1.99081534629478	2.02540453792744	1.94917722563812
TCGA.FV.A3I0.11A	1.51265000618478	2.17540486159922	1.93668896954992	1.92381333534801	1.95793381777753	1.9298709828182
TCGA.DD.A3A8.11A	1.69108708960585	2.1819791429903	1.92561989523681	1.92506355131754	1.96873076762691	1.90633073689634
TCGA.DD.A116.11A	1.71082669282238	2.17913647975757	1.92205040493631	1.96695582620702	1.97375693358451	1.90923776490978
TCGA.FV.A23B.11A	1.76270800908595	2.17756857225185	1.98522640655593	2.0288942868668	2.04672789472538	1.95957086287719
TCGA.FV.A3I1.11A	1.62903958990078	2.17035361509622	1.92615283994766	1.94750288901814	1.96742769638634	1.92076891191352
TCGA.BC.A10Q.11A	1.59361120998486	2.17931982981851	1.95281000388383	1.94804765133488	1.95911068590023	1.948529315328
TCGA.DD.A11D.11A	1.77592727459816	2.17444161055456	1.95208101611772	2.00896765149167	2.03851731819838	1.95097727391552
TCGA.FV.A2QR.11A	1.77424653613012	2.16980897615851	2.01019719504918	2.03884449461995	2.08602463897133	1.97145251049057
TCGA.DD.A11A.11A	1.71883967722535	2.15565808566109	1.95917629457318	2.01093268977173	2.04441025594912	1.96656372169464
TCGA.DD.A3A2.11A	1.66479824897515	2.18360552765763	1.94144342956934	1.94738867589075	1.97877366342124	1.92292519328733
TCGA.BD.A2L6.11A	1.8348182631703	2.15759961470417	1.99118128458573	2.0814602226679	2.12904395670649	1.97969659925886
TCGA.EP.A12J.11A	1.75478515063769	2.16851948728973	1.94959733297592	1.96541140518612	1.98288850283496	1.94043990998215
TCGA.DD.A3A6.11A	1.51750376187146	2.19493291290479	1.91898325680254	1.87702994539694	1.85416323815585	1.87705025170119
TCGA.EP.A26S.11A	1.67154196817468	2.18373521193101	1.94980229088682	1.96044581623041	2.00455131604066	1.93368566110323
TCGA.DD.A118.11A	1.60604904525293	2.18320171391032	1.92223935765219	1.96835044988956	2.0087159333907	1.92528275546268
TCGA.DD.A119.11A	1.71490496147267	2.16064241355112	1.94694362582252	1.95258737393881	2.01653943732854	1.94999898925938
TCGA.DD.A1EE.11A	1.74254212552917	2.16604250545553	1.94498641972253	1.99007093559612	2.01849440379468	1.94437560130114
TCGA.BC.A216.11A	1.74535575058118	2.18092567955205	1.95640147989229	1.98018186857473	2.01373088233058	1.94504347160038
TCGA.BC.A10Z.11A	1.60954408250726	2.1844388173314	1.97266353439566	1.97212146457059	1.99862464123783	1.95454255552108
TCGA.FV.A3R2.11A	1.67805193065831	2.18669489935516	1.95444902051249	1.98908192201086	2.03712490369663	1.93955839847227
TCGA.ES.A2HT.11A	1.76354796185286	2.17672645180093	1.95004093744005	2.00711737168502	2.03334039112037	1.93173112569863
TCGA.DD.A114.11A	1.79475528321722	2.16891218500407	1.94409514912718	2.02930740638215	2.05591940289336	1.94479590843777
TCGA.BC.A10T.11A	1.68837377623723	2.17623596103268	1.97055446820225	1.97655182940987	1.99678714277896	1.96931119539464
TCGA.EP.A3RK.11A	1.67757329956997	2.1829204525664	1.93611657001518	1.92714048700369	1.94986245765627	1.91996201094976
TCGA.BC.A10U.11A	1.71096133945063	2.17712934519935	1.99330939666166	1.96865333691131	1.99463110784064	1.97324181723867
TCGA.DD.A11B.11A	1.71856173898201	2.17903103007164	1.97046037151627	1.95194504451052	1.96966510809048	1.95001801484327
